0
61.46
61.71
61.54
61.79
61.71
61.54
61.71
61.54
62.04
61.71
61.79
61.96
61.63
61.71
61.79
61.63
61.46
61.54
61.71
61.79
61.54
61.63
61.96
61.54
61.71
61.88
61.37
61.63
61.96
61.71
61.96
61.54
61.96
61.54
61.79
61.46
61.79
62.30
61.88
61.71
61.54
61.71
61.88
61.63
61.88
61.46
61.63
61.88
61.46
61.37
61.63
61.71
61.88
61.63
61.79
62.04
61.63
61.96
61.63
61.96
62.04
61.71
61.79
61.71
61.63
61.71
61.79
61.54
61.71
61.96
61.79
61.88
61.46
61.96
61.79
61.71
61.63
61.79
61.63
61.96
61.88
61.96
61.88
61.29
61.88
62.04
61.79
61.63
61.54
62.04
61.88
61.96
62.04
61.96
61.71
61.96
61.88
62.04
61.79
61.71
61.63
61.79
61.54
61.29
61.79
62.21
61.96
61.88
61.63
61.88
61.96
61.88
61.71
61.96
61.71
61.88
61.79
61.88
61.79
61.96
62.04
62.13
62.04
61.96
61.79
61.96
61.79
61.63
61.88
62.04
61.71
61.79
61.88
61.71
61.88
61.71
61.79
61.88
61.54
61.79
61.96
61.71
61.54
61.88
62.13
61.96
62.13
62.04
61.79
62.04
61.79
61.46
61.37
61.96
62.04
61.96
61.71
61.96
61.54
61.63
61.79
61.96
61.63
61.88
61.46
62.21
61.71
61.79
61.63
61.88
61.79
61.54
62.04
61.71
61.79
61.71
61.63
61.71
61.88
61.46
61.79
62.04
61.71
61.96
62.13
62.04
61.71
62.13
61.79
62.13
61.96
61.88
62.04
61.79
61.46
62.13
62.04
61.88
61.71
62.04
61.71
61.88
61.96
61.54
61.79
61.63
61.88
61.63
61.88
61.79
61.63
61.96
61.88
61.79
62.04
61.71
61.96
62.04
61.63
62.04
61.46
62.04
61.88
61.46
61.63
61.71
61.63
61.71
61.96
62.13
61.79
61.88
61.71
61.63
61.54
61.79
61.88
61.71
61.79
61.88
61.63
61.71
61.79
61.96
61.46
61.88
62.13
61.88
62.04
62.13
61.79
61.88
62.13
62.04
61.79
61.88
62.04
62.13
61.63
61.71
61.88
61.63
61.88
62.13
61.71
62.04
61.63
61.88
61.79
62.04
62.13
62.04
61.63
61.96
61.79
61.63
61.46
61.79
62.04
61.96
61.79
61.88
62.21
61.96
61.46
61.79
62.04
61.29
61.71
61.79
61.71
62.46
61.79
61.88
61.79
61.71
61.88
61.79
61.88
62.13
61.79
61.88
61.96
61.54
62.13
61.71
62.04
62.21
61.46
61.63
61.71
61.54
61.88
61.96
61.54
61.96
62.04
61.71
62.04
61.71
61.54
61.96
61.88
62.13
61.71
61.79
61.88
62.13
61.71
61.54
62.46
62.04
61.71
62.04
61.71
61.96
61.71
61.79
61.88
62.13
61.88
61.79
62.04
61.96
62.13
61.96
61.79
61.96
61.88
62.04
62.13
62.21
62.04
62.21
61.79
61.71
61.88
61.79
62.04
61.71
61.96
62.04
61.88
61.71
61.96
62.13
61.79
62.46
61.79
61.96
61.71
61.79
61.54
61.88
61.79
62.13
61.88
61.63
61.96
61.88
61.96
61.79
62.04
62.38
62.13
61.88
61.71
62.04
61.96
62.04
62.21
61.96
62.13
61.63
62.13
61.79
62.04
61.63
61.96
61.88
62.21
61.79
61.71
62.13
61.88
62.04
61.96
62.21
61.71
61.96
61.71
62.21
61.54
61.96
62.21
61.88
62.21
62.13
61.63
62.21
61.96
62.13
61.88
61.71
62.04
61.79
62.04
61.88
62.13
61.63
61.96
62.21
62.38
62.04
61.88
62.13
61.79
62.04
61.79
62.04
62.21
61.79
61.96
61.71
62.30
62.21
61.96
61.79
61.71
62.04
61.79
62.04
61.71
61.88
62.21
61.96
61.88
62.13
61.79
62.04
62.38
62.13
62.30
61.88
62.04
61.96
62.04
62.13
62.04
62.21
61.88
61.96
62.21
61.96
61.88
62.13
62.04
61.88
62.04
61.79
61.96
61.71
62.21
62.30
61.88
62.04
61.96
61.88
62.04
61.71
61.88
62.21
61.96
61.79
61.96
62.04
61.79
61.71
62.04
62.38
62.04
61.88
61.96
62.21
62.30
61.96
61.88
61.63
61.88
62.21
62.04
62.13
62.04
62.46
62.21
62.30
62.04
61.79
62.04
62.21
61.88
62.30
62.04
62.13
62.04
62.13
62.04
61.63
62.04
62.13
62.30
62.04
62.21
61.71
62.04
61.96
62.04
62.21
62.46
61.96
62.21
61.96
62.04
62.13
62.04
62.21
61.96
62.21
61.96
61.88
61.63
61.88
62.04
61.88
61.96
62.21
61.96
61.88
62.04
61.96
62.30
62.21
61.96
62.04
62.21
62.13
62.04
62.46
62.21
62.30
62.13
62.04
62.13
61.63
62.21
61.88
62.21
62.13
61.96
62.13
62.04
62.13
61.96
62.04
62.30
61.88
62.38
62.21
62.04
61.96
62.30
61.88
62.13
62.04
62.30
62.38
61.71
61.79
62.13
62.04
62.13
61.71
62.21
61.79
61.88
61.79
62.04
62.30
62.13
62.30
62.04
62.13
62.30
62.38
62.13
62.38
62.13
62.04
61.88
62.04
62.21
61.79
62.30
61.96
62.30
62.21
61.96
62.04
62.13
62.38
62.13
62.21
61.96
62.38
62.21
61.96
62.30
62.21
62.13
62.04
62.13
61.96
61.88
62.38
62.21
62.38
62.04
62.30
62.21
62.38
62.13
62.30
62.04
62.13
62.55
61.96
62.13
62.30
62.13
62.30
62.13
61.88
61.96
62.13
62.04
61.96
62.04
62.13
62.30
62.21
62.46
62.13
62.55
62.38
61.96
62.30
62.04
62.13
62.30
61.96
62.55
61.96
62.04
62.13
62.46
62.30
62.04
62.13
62.21
62.30
62.13
62.21
62.30
62.21
62.46
62.38
62.13
62.21
62.30
61.88
62.38
62.21
62.30
62.13
62.46
62.13
62.04
62.21
62.38
62.04
62.13
62.38
62.13
62.04
62.21
62.46
62.38
62.13
61.96
62.38
61.96
62.38
62.04
62.30
62.38
62.21
62.13
62.38
62.63
62.55
62.21
62.38
62.30
61.96
62.21
62.04
62.38
62.30
62.13
62.38
62.21
62.30
62.04
62.30
62.38
62.21
62.38
62.30
62.04
62.55
62.21
62.30
62.38
62.63
62.80
62.21
62.30
62.46
61.96
62.13
62.30
61.88
62.63
62.30
62.46
62.13
62.21
62.63
62.04
62.21
62.04
61.88
62.21
62.04
61.96
62.21
62.30
62.21
62.38
62.30
62.46
62.30
62.46
62.13
62.30
62.04
62.46
62.21
62.38
62.55
61.96
62.46
62.55
62.30
62.13
62.55
62.04
62.30
62.21
62.71
62.38
62.13
62.38
62.46
62.13
62.04
62.21
62.38
62.21
62.63
62.38
62.30
62.38
62.46
62.30
62.13
62.55
62.04
62.21
62.46
62.38
62.55
62.38
62.46
62.21
62.13
62.30
62.55
62.13
62.30
62.46
62.21
62.04
62.30
62.80
62.71
62.21
62.88
62.21
62.46
62.30
62.38
62.46
62.30
62.80
62.55
62.30
62.21
62.46
62.63
62.30
62.38
62.63
62.30
62.46
62.30
62.21
62.55
62.80
62.21
62.88
62.30
62.38
62.21
62.46
62.38
62.30
62.38
62.55
62.63
62.55
62.80
62.30
62.21
62.63
61.88
62.63
62.46
62.38
62.21
62.55
62.38
62.63
62.30
62.13
62.30
62.38
62.21
62.63
62.38
62.13
62.46
62.38
62.55
62.30
62.21
62.30
62.80
62.63
62.55
62.38
62.13
62.46
62.38
62.21
62.55
62.46
62.55
62.63
62.46
62.63
62.13
62.46
62.55
62.63
62.46
62.30
62.55
62.30
62.46
62.71
62.21
62.55
62.97
62.38
62.30
62.55
62.46
62.38
62.21
62.46
62.80
62.46
62.13
62.46
62.21
62.80
62.46
62.80
62.21
62.55
63.05
62.46
62.38
62.55
62.38
62.46
62.80
62.38
62.46
62.71
62.46
62.63
62.13
62.71
62.46
62.21
62.46
62.38
62.55
62.63
62.38
62.46
62.63
62.55
62.88
62.55
62.63
62.55
62.46
62.71
62.63
62.21
62.30
62.46
62.30
62.38
62.63
62.46
62.63
62.55
62.38
62.80
62.63
62.38
62.46
62.80
62.63
62.38
62.63
62.80
62.30
62.55
62.30
62.71
62.38
62.55
62.63
62.80
62.21
62.30
62.46
62.63
62.46
62.38
62.46
62.80
62.63
62.80
62.55
62.71
62.80
62.46
63.05
62.46
62.38
62.63
62.55
62.30
62.55
62.63
62.21
62.38
62.63
62.55
62.30
62.63
62.46
62.21
62.30
62.46
62.97
62.63
62.21
62.80
62.63
62.30
62.55
62.63
62.88
62.30
62.21
62.30
62.80
62.63
62.71
62.88
62.30
62.55
62.63
62.71
62.46
62.55
62.63
62.46
62.55
62.38
62.63
62.46
62.55
62.71
62.80
62.63
62.55
62.46
62.55
62.63
62.55
62.80
62.63
62.55
62.38
62.63
62.46
62.55
62.80
62.63
62.71
62.63
62.30
62.80
62.63
62.71
62.46
62.38
62.63
62.88
62.30
62.38
62.21
62.63
62.71
62.55
62.88
62.80
62.63
62.46
62.38
62.55
62.46
62.55
62.63
62.46
62.55
62.80
62.38
62.46
62.63
62.55
62.71
62.55
62.71
62.46
62.88
62.63
62.46
62.30
62.38
62.55
62.46
62.97
62.55
62.97
62.63
62.38
62.71
62.63
62.55
62.38
62.80
62.46
62.80
62.55
62.30
62.46
62.63
62.97
63.05
62.63
62.13
62.55
62.46
62.63
62.80
62.46
62.80
62.63
62.71
62.46
62.63
62.71
62.38
62.46
62.80
62.38
62.46
62.97
62.55
62.63
62.55
62.38
62.55
62.71
62.88
62.46
62.55
62.80
62.38
62.46
62.63
63.13
